   2.9576272413302224e-01   9.5526143595008262e-01
  -9.5526143595008262e-01   2.9576272413302229e-01
   6.7636295232008736e-01   7.3656850104308369e-01
   7.3656850104308358e-01  -6.7636295232008747e-01
  -6.2996811125166130e-01  -7.7662100075005358e-01
   7.7662100075005347e-01  -6.2996811125166130e-01
  -1.0877019745926064e-01  -9.9406692136127017e-01
  -9.9406692136126995e-01   1.0877019745926081e-01
  -1.1989967906701332e-01  -9.9278601267323818e-01
  -9.9278601267323818e-01   1.1989967906701338e-01
  -6.1719707508614463e-01  -7.8680859839296868e-01
   7.8680859839296868e-01  -6.1719707508614485e-01
   9.2824588907869165e-01  -3.7196716173408328e-01
   3.7196716173408273e-01   9.2824588907869132e-01
   3.6294947967297264e-01  -9.3180881902089685e-01
  -9.3180881902089696e-01  -3.6294947967297242e-01
  -9.9982651402325773e-01  -1.8626375280772378e-02
  -1.8626375280771434e-02   9.9982651402325784e-01
   3.5663922526754055e-01  -9.3424218648087598e-01
   9.3424218648087631e-01   3.5663922526754105e-01
