   9.9998941369067573e-01   4.6013592099164446e-03
   4.6013592099159867e-03  -9.9998941369067573e-01
   9.3315055361728363e-02  -9.9563663072570674e-01
  -9.9563663072570707e-01  -9.3315055361728447e-02
  -9.8387111110918035e-01  -1.7887883252298625e-01
  -1.7887883252298628e-01   9.8387111110918046e-01
   9.3998375107920085e-01  -3.4121920770536251e-01
   3.4121920770536246e-01   9.3998375107920040e-01
  -8.8009891268737839e-01  -4.7479037888998360e-01
  -4.7479037888998349e-01   8.8009891268737850e-01
   9.4862110036849367e-01  -3.1641429793179116e-01
  -3.1641429793179127e-01  -9.4862110036849356e-01
  -2.9621435336615176e-01  -9.5512148801075192e-01
  -9.5512148801075170e-01   2.9621435336615171e-01
   8.7432568094808749e-01  -4.8533967861144772e-01
  -4.8533967861144778e-01  -8.7432568094808749e-01
   1.5285350988611179e-01   9.8824885758370440e-01
  -9.8824885758370407e-01   1.5285350988611068e-01
  -6.5088166343722920e-01  -7.5917920163897112e-01
  -7.5917920163897112e-01   6.5088166343722897e-01
