  -6.2120570564569388e-01   0.0000000000000000e+00   0.0000000000000000e+00   6.0420819028671668e-01  -3.1435670679618555e-02   0.0000000000000000e+00   0.0000000000000000e+00   0.0000000000000000e+00   0.0000000000000000e+00  -4.9804390637032286e-01
   0.0000000000000000e+00   3.8966539098443032e-01  -3.6068632204859363e-01   0.0000000000000000e+00   0.0000000000000000e+00   0.0000000000000000e+00   0.0000000000000000e+00   1.1368397415747080e+00   0.0000000000000000e+00   0.0000000000000000e+00
   0.0000000000000000e+00   1.0703715141606127e+00  -3.3996744313479121e-01   0.0000000000000000e+00   0.0000000000000000e+00   0.0000000000000000e+00   0.0000000000000000e+00  -1.4353857472316620e+00   0.0000000000000000e+00   0.0000000000000000e+00
  -2.9476354511138880e-01   0.0000000000000000e+00   0.0000000000000000e+00   3.8376333983338407e-01  -2.1971843480684047e-01   0.0000000000000000e+00   0.0000000000000000e+00   0.0000000000000000e+00   0.0000000000000000e+00   8.4709147137680674e-01
  -7.2275942032344398e-01   0.0000000000000000e+00   0.0000000000000000e+00  -6.8757017192307890e-01   2.2828632899200424e-02   0.0000000000000000e+00   0.0000000000000000e+00   0.0000000000000000e+00   0.0000000000000000e+00   6.5916102246273811e-02
   0.0000000000000000e+00   0.0000000000000000e+00   0.0000000000000000e+00   0.0000000000000000e+00   0.0000000000000000e+00   1.5479514089488211e-01  -3.4621653128752805e-01   0.0000000000000000e+00   9.2529594066901988e-01   0.0000000000000000e+00
   0.0000000000000000e+00   0.0000000000000000e+00   0.0000000000000000e+00   0.0000000000000000e+00   0.0000000000000000e+00   5.1472886550091013e-01   8.2768623564250532e-01   0.0000000000000000e+00   2.2358374347900273e-01   0.0000000000000000e+00
   0.0000000000000000e+00   5.8262536365135398e-01   1.4283702124203415e+00   0.0000000000000000e+00   0.0000000000000000e+00   0.0000000000000000e+00   0.0000000000000000e+00  -1.3614853858725617e-01   0.0000000000000000e+00   0.0000000000000000e+00
   0.0000000000000000e+00   0.0000000000000000e+00   0.0000000000000000e+00   0.0000000000000000e+00   0.0000000000000000e+00  -8.4326310210721278e-01   4.4166685271952583e-01   0.0000000000000000e+00   3.0632944983032423e-01   0.0000000000000000e+00
  -6.9546704309593810e-02   0.0000000000000000e+00   0.0000000000000000e+00   1.2208775725699553e-01   9.7478944471865603e-01   0.0000000000000000e+00   0.0000000000000000e+00   0.0000000000000000e+00   0.0000000000000000e+00   1.7333024523355212e-01
   1.8154478277944003e-01   0.0000000000000000e+00   0.0000000000000000e+00   0.0000000000000000e+00   0.0000000000000000e+00   0.0000000000000000e+00   0.0000000000000000e+00   0.0000000000000000e+00  -3.9357812323307068e-01   9.0118685784797137e-01
   0.0000000000000000e+00  -8.6958762207683282e-02   9.6948475309704163e-01   0.0000000000000000e+00   0.0000000000000000e+00   1.4233056101475844e-01  -1.7966496205130811e-01   0.0000000000000000e+00   0.0000000000000000e+00   0.0000000000000000e+00
   0.0000000000000000e+00  -5.4427307854130602e-01  -1.5792602538892569e-01   0.0000000000000000e+00   0.0000000000000000e+00   8.2156579361089710e-01   6.2095356094661325e-02   0.0000000000000000e+00   0.0000000000000000e+00   0.0000000000000000e+00
   0.0000000000000000e+00   0.0000000000000000e+00   0.0000000000000000e+00   9.2506093335950168e-01  -7.5304302686589741e-01   0.0000000000000000e+00   0.0000000000000000e+00   4.7396874116492504e-01   0.0000000000000000e+00   0.0000000000000000e+00
   0.0000000000000000e+00   0.0000000000000000e+00   0.0000000000000000e+00  -1.2995799161804402e+00   6.0925383472570138e-01   0.0000000000000000e+00   0.0000000000000000e+00   1.0594409975707340e+00   0.0000000000000000e+00   0.0000000000000000e+00
   0.0000000000000000e+00  -2.1254215036178184e-01  -1.8080746257830194e-01   0.0000000000000000e+00   0.0000000000000000e+00  -1.0340384443836781e-01  -9.5469478931800589e-01   0.0000000000000000e+00   0.0000000000000000e+00   0.0000000000000000e+00
   0.0000000000000000e+00   8.0686481145856603e-01  -4.9672381593991177e-02   0.0000000000000000e+00   0.0000000000000000e+00   5.4229079203420694e-01  -2.2895966328510164e-01   0.0000000000000000e+00   0.0000000000000000e+00   0.0000000000000000e+00
   0.0000000000000000e+00   0.0000000000000000e+00   0.0000000000000000e+00  -1.0430528129635876e+00  -9.0971208623981226e-01   0.0000000000000000e+00   0.0000000000000000e+00  -3.0494861990848510e-01   0.0000000000000000e+00   0.0000000000000000e+00
  -6.5675221032708531e-01   0.0000000000000000e+00   0.0000000000000000e+00   0.0000000000000000e+00   0.0000000000000000e+00   0.0000000000000000e+00   0.0000000000000000e+00   0.0000000000000000e+00   6.3355838719208868e-01   4.0899914944782856e-01
   7.3192760986046557e-01   0.0000000000000000e+00   0.0000000000000000e+00   0.0000000000000000e+00   0.0000000000000000e+00   0.0000000000000000e+00   0.0000000000000000e+00   0.0000000000000000e+00   6.6610812255285723e-01   1.4346408258882554e-01
   6.9319556927440273e-01   0.0000000000000000e+00   0.0000000000000000e+00   2.6873272596522263e-01   0.0000000000000000e+00  -5.9932843312602080e-01   0.0000000000000000e+00   0.0000000000000000e+00  -2.9676262227636840e-01   0.0000000000000000e+00
   0.0000000000000000e+00  -1.7849713209680085e-01   9.5219652739416838e-01   0.0000000000000000e+00   0.0000000000000000e+00   0.0000000000000000e+00   0.0000000000000000e+00   0.0000000000000000e+00   0.0000000000000000e+00   2.4791237777025871e-01
   0.0000000000000000e+00   7.5198984352290144e-01   2.9450690107519406e-01   0.0000000000000000e+00   0.0000000000000000e+00   0.0000000000000000e+00   0.0000000000000000e+00   0.0000000000000000e+00   0.0000000000000000e+00  -5.8972617413295159e-01
  -4.1849600034820128e-01   0.0000000000000000e+00   0.0000000000000000e+00   8.8310845971507335e-01   0.0000000000000000e+00   1.6628720489134108e-02   0.0000000000000000e+00   0.0000000000000000e+00  -2.1143327961114253e-01   0.0000000000000000e+00
   0.0000000000000000e+00   0.0000000000000000e+00   0.0000000000000000e+00   0.0000000000000000e+00  -1.3101045838530201e+00   0.0000000000000000e+00  -8.8845661109297225e-01   2.9943051393212022e-01   0.0000000000000000e+00   0.0000000000000000e+00
  -5.9054164845683210e-02   0.0000000000000000e+00   0.0000000000000000e+00   1.9178133938250541e-01   0.0000000000000000e+00  -4.2045007788422750e-01   0.0000000000000000e+00   0.0000000000000000e+00   8.8484702377652680e-01   0.0000000000000000e+00
   0.0000000000000000e+00   0.0000000000000000e+00   0.0000000000000000e+00   0.0000000000000000e+00   1.1208584268462345e+00   0.0000000000000000e+00  -9.5957108627481136e-01  -9.0263940211449262e-02   0.0000000000000000e+00   0.0000000000000000e+00
   0.0000000000000000e+00   0.0000000000000000e+00   0.0000000000000000e+00   0.0000000000000000e+00   5.8148513892099829e-01   0.0000000000000000e+00   5.7436839006097362e-02  -1.2677659988026391e+00   0.0000000000000000e+00   0.0000000000000000e+00
   5.8382669178898805e-01   0.0000000000000000e+00   0.0000000000000000e+00   3.3334979861944336e-01   0.0000000000000000e+00   6.8099239856899263e-01   0.0000000000000000e+00   0.0000000000000000e+00   2.9029925733000478e-01   0.0000000000000000e+00
   0.0000000000000000e+00   6.3454712123814705e-01  -8.1163159361696963e-02   0.0000000000000000e+00   0.0000000000000000e+00   0.0000000000000000e+00   0.0000000000000000e+00   0.0000000000000000e+00   0.0000000000000000e+00   7.6861075486282926e-01
   4.6180479504743521e-03   6.5537151539405036e-01   0.0000000000000000e+00  -7.3038508830873317e-01   0.0000000000000000e+00   0.0000000000000000e+00   0.0000000000000000e+00   0.0000000000000000e+00   0.0000000000000000e+00  -1.9236546784565270e-01
   7.4803333316278753e-02   6.8883745226535220e-01   0.0000000000000000e+00   4.7589542610755786e-01   0.0000000000000000e+00   0.0000000000000000e+00   0.0000000000000000e+00   0.0000000000000000e+00   0.0000000000000000e+00   5.4169268879250898e-01
   0.0000000000000000e+00   0.0000000000000000e+00   1.9219042477178048e+00   0.0000000000000000e+00   0.0000000000000000e+00   0.0000000000000000e+00  -1.1077277699832061e-01  -6.7632433547045095e-02   0.0000000000000000e+00   0.0000000000000000e+00
  -6.7303559882344613e-02  -3.0056827632398764e-01   0.0000000000000000e+00  -4.8559749238455263e-01   0.0000000000000000e+00   0.0000000000000000e+00   0.0000000000000000e+00   0.0000000000000000e+00   0.0000000000000000e+00   8.1812225094091262e-01
   0.0000000000000000e+00   0.0000000000000000e+00   0.0000000000000000e+00   0.0000000000000000e+00   4.8539364551554720e-02   6.6995833859946596e-01   0.0000000000000000e+00   0.0000000000000000e+00  -7.4081020148886623e-01   0.0000000000000000e+00
   0.0000000000000000e+00   0.0000000000000000e+00   0.0000000000000000e+00   0.0000000000000000e+00   1.1301765725680207e-01  -7.4060514145434808e-01   0.0000000000000000e+00   0.0000000000000000e+00  -6.6236774800677656e-01   0.0000000000000000e+00
   0.0000000000000000e+00   0.0000000000000000e+00  -2.2163687869234885e-01   0.0000000000000000e+00   0.0000000000000000e+00   0.0000000000000000e+00  -4.9235091748449911e-01  -8.6293466149253240e-01   0.0000000000000000e+00   0.0000000000000000e+00
   0.0000000000000000e+00   0.0000000000000000e+00  -3.8869643967692330e-01   0.0000000000000000e+00   0.0000000000000000e+00   0.0000000000000000e+00  -1.2573691616654212e+00   7.3597679726578591e-01   0.0000000000000000e+00   0.0000000000000000e+00
   0.0000000000000000e+00   0.0000000000000000e+00   0.0000000000000000e+00   0.0000000000000000e+00  -9.9240664006097590e-01  -5.1573723856517761e-02   0.0000000000000000e+00   0.0000000000000000e+00  -1.1166562483798165e-01   0.0000000000000000e+00
   9.9491374791238285e-01  -7.5165500293092907e-02   0.0000000000000000e+00  -6.5239877191676843e-02   0.0000000000000000e+00   0.0000000000000000e+00   0.0000000000000000e+00   0.0000000000000000e+00   0.0000000000000000e+00   1.5509358614701475e-02
  -5.0126783646530260e-01   0.0000000000000000e+00   0.0000000000000000e+00   5.4084390889945344e-01   0.0000000000000000e+00  -3.7159509024282772e-01   0.0000000000000000e+00  -5.6403502660666394e-01   0.0000000000000000e+00   0.0000000000000000e+00
   0.0000000000000000e+00  -7.8195666383376083e-01   4.8582919020759097e-01   0.0000000000000000e+00   0.0000000000000000e+00   0.0000000000000000e+00   0.0000000000000000e+00   0.0000000000000000e+00  -3.9053011897702716e-01   0.0000000000000000e+00
   0.0000000000000000e+00   5.3257612943835042e-01   1.9517605440782296e-01   0.0000000000000000e+00   0.0000000000000000e+00   0.0000000000000000e+00   0.0000000000000000e+00   0.0000000000000000e+00  -8.2357086770857790e-01   0.0000000000000000e+00
   8.8781775528174137e-02   0.0000000000000000e+00   0.0000000000000000e+00   8.0524164359683592e-01   0.0000000000000000e+00   3.9586391227431739e-01   0.0000000000000000e+00   4.3242971071655334e-01   0.0000000000000000e+00   0.0000000000000000e+00
   0.0000000000000000e+00   0.0000000000000000e+00   0.0000000000000000e+00   0.0000000000000000e+00   1.4746071511407126e+00   0.0000000000000000e+00  -4.5947078543505837e-01   0.0000000000000000e+00   0.0000000000000000e+00  -2.7416254550522834e-01
   5.9686106443394826e-01   0.0000000000000000e+00   0.0000000000000000e+00   2.1321658707011978e-01   0.0000000000000000e+00  -7.5435878855277427e-01   0.0000000000000000e+00   1.7099232407957904e-01   0.0000000000000000e+00   0.0000000000000000e+00
   0.0000000000000000e+00   0.0000000000000000e+00   0.0000000000000000e+00   0.0000000000000000e+00  -8.4143348455661349e-02   0.0000000000000000e+00  -1.4893231323438529e+00   0.0000000000000000e+00   0.0000000000000000e+00  -2.1109324682649086e-01
  -6.2016547970862945e-01   0.0000000000000000e+00   0.0000000000000000e+00  -1.1667239871536211e-01   0.0000000000000000e+00  -3.6898735750630640e-01   0.0000000000000000e+00   6.8237134989408910e-01   0.0000000000000000e+00   0.0000000000000000e+00
   0.0000000000000000e+00   3.2389263998806744e-01   8.5198374733795890e-01   0.0000000000000000e+00   0.0000000000000000e+00   0.0000000000000000e+00   0.0000000000000000e+00   0.0000000000000000e+00   4.1136024605390492e-01   0.0000000000000000e+00
   0.0000000000000000e+00   0.0000000000000000e+00   0.0000000000000000e+00   0.0000000000000000e+00   9.7687303510312185e-01   0.0000000000000000e+00   3.8431892835697379e-01   0.0000000000000000e+00   0.0000000000000000e+00   1.4689441973310273e+00
  -8.4435553114770034e-01   0.0000000000000000e+00   0.0000000000000000e+00   0.0000000000000000e+00   0.0000000000000000e+00  -2.1283099662998239e-01   0.0000000000000000e+00  -1.5130690490580354e-01   0.0000000000000000e+00   4.6783856662485312e-01
   0.0000000000000000e+00  -9.5402005924662170e-01  -1.1962910204481553e-01   0.0000000000000000e+00  -1.0959811923954530e+00   0.0000000000000000e+00   0.0000000000000000e+00   0.0000000000000000e+00   0.0000000000000000e+00   0.0000000000000000e+00
   0.0000000000000000e+00   7.8765588514757456e-01   1.1081220822797362e+00   0.0000000000000000e+00  -6.3134002001042488e-01   0.0000000000000000e+00   0.0000000000000000e+00   0.0000000000000000e+00   0.0000000000000000e+00   0.0000000000000000e+00
   0.0000000000000000e+00   0.0000000000000000e+00   0.0000000000000000e+00   5.2633834336506047e-01   0.0000000000000000e+00   0.0000000000000000e+00   6.9780536855061115e-01   0.0000000000000000e+00  -4.8583496778810553e-01   0.0000000000000000e+00
   0.0000000000000000e+00  -1.5553608721267724e+00   4.2283914426675401e-01   0.0000000000000000e+00   2.2583862824285050e-01   0.0000000000000000e+00   0.0000000000000000e+00   0.0000000000000000e+00   0.0000000000000000e+00   0.0000000000000000e+00
  -2.3305055562942067e-01   0.0000000000000000e+00   0.0000000000000000e+00   0.0000000000000000e+00   0.0000000000000000e+00   8.7702667773538009e-02   0.0000000000000000e+00   9.6609322725694224e-01   0.0000000000000000e+00  -6.8260946627550750e-02
   0.0000000000000000e+00   0.0000000000000000e+00   0.0000000000000000e+00  -8.4897831797098622e-01   0.0000000000000000e+00   0.0000000000000000e+00   3.9975085202184846e-01   0.0000000000000000e+00  -3.4559379612915658e-01   0.0000000000000000e+00
  -2.2845269011297420e-01   0.0000000000000000e+00   0.0000000000000000e+00   0.0000000000000000e+00   0.0000000000000000e+00   9.6262170779654321e-01   0.0000000000000000e+00  -1.4397787462262429e-01   0.0000000000000000e+00  -2.0956805056206555e-02
   0.0000000000000000e+00   0.0000000000000000e+00   0.0000000000000000e+00   4.6944263961408828e-02   0.0000000000000000e+00   0.0000000000000000e+00  -5.9436261989609673e-01   0.0000000000000000e+00  -8.0282582927517343e-01   0.0000000000000000e+00
   4.2492416255285903e-01   0.0000000000000000e+00   0.0000000000000000e+00   0.0000000000000000e+00   0.0000000000000000e+00   1.4272580922089551e-01   0.0000000000000000e+00   1.5179087059255111e-01   0.0000000000000000e+00   8.8092470226787789e-01
  -6.3601403657626254e-01   0.0000000000000000e+00   0.0000000000000000e+00   3.2908300124406986e-01   0.0000000000000000e+00   0.0000000000000000e+00  -6.9282352387461332e-01   0.0000000000000000e+00  -8.4770798840910988e-02   0.0000000000000000e+00
   0.0000000000000000e+00   2.6475331874783570e-01   0.0000000000000000e+00   0.0000000000000000e+00   0.0000000000000000e+00   0.0000000000000000e+00   0.0000000000000000e+00   8.0753553240392451e-01   0.0000000000000000e+00   5.2705981075881447e-01
   0.0000000000000000e+00   0.0000000000000000e+00  -7.4055938020556611e-01   0.0000000000000000e+00  -4.6027923163014878e-01   1.5897896816352957e+00   0.0000000000000000e+00   0.0000000000000000e+00   0.0000000000000000e+00   0.0000000000000000e+00
  -5.6885150040747257e-01   0.0000000000000000e+00   0.0000000000000000e+00  -7.5647444518353757e-02   0.0000000000000000e+00   0.0000000000000000e+00   5.5945382363715268e-01   0.0000000000000000e+00  -5.9807763195071917e-01   0.0000000000000000e+00
   0.0000000000000000e+00   0.0000000000000000e+00   1.1493880458056134e+00   0.0000000000000000e+00   4.5089203741966066e-01   6.6892416501405616e-01   0.0000000000000000e+00   0.0000000000000000e+00   0.0000000000000000e+00   0.0000000000000000e+00
   0.0000000000000000e+00   0.0000000000000000e+00   8.5482679288457875e-01   0.0000000000000000e+00  -1.0625703437546414e+00   6.7778118518145181e-01   0.0000000000000000e+00   0.0000000000000000e+00   0.0000000000000000e+00   0.0000000000000000e+00
  -1.7881419380472746e-02   0.0000000000000000e+00   0.0000000000000000e+00  -8.9602369004688431e-01   0.0000000000000000e+00   0.0000000000000000e+00  -3.8147239993663035e-01   0.0000000000000000e+00  -2.2649637922556815e-01   0.0000000000000000e+00
   0.0000000000000000e+00  -8.3232072260707402e-01   0.0000000000000000e+00   0.0000000000000000e+00   0.0000000000000000e+00   0.0000000000000000e+00   0.0000000000000000e+00   4.6737532911597846e-01   0.0000000000000000e+00  -2.9799751081606218e-01
  -5.2112797910213537e-01   0.0000000000000000e+00   0.0000000000000000e+00  -2.8831127155351233e-01   0.0000000000000000e+00   0.0000000000000000e+00   2.4796328774703630e-01   0.0000000000000000e+00   7.6407882317323894e-01   0.0000000000000000e+00
   0.0000000000000000e+00   4.8697833106909927e-01   0.0000000000000000e+00   0.0000000000000000e+00   0.0000000000000000e+00   0.0000000000000000e+00   0.0000000000000000e+00   3.5978697258077752e-01   0.0000000000000000e+00  -7.9586772734563982e-01
   5.6585559454027801e-01   0.0000000000000000e+00   0.0000000000000000e+00   0.0000000000000000e+00   4.6964494666996148e-01   0.0000000000000000e+00   4.9109797393345389e-01  -4.6697307223574930e-01   0.0000000000000000e+00   0.0000000000000000e+00
   0.0000000000000000e+00  -1.3051055049082898e+00  -7.7306671558683121e-02   9.3226860824608382e-01   0.0000000000000000e+00   0.0000000000000000e+00   0.0000000000000000e+00   0.0000000000000000e+00   0.0000000000000000e+00   0.0000000000000000e+00
   0.0000000000000000e+00   8.2269074078019910e-01   1.2691881599426011e+00   5.4437950572914406e-01   0.0000000000000000e+00   0.0000000000000000e+00   0.0000000000000000e+00   0.0000000000000000e+00   0.0000000000000000e+00   0.0000000000000000e+00
   0.0000000000000000e+00  -1.2400456157737689e+00   7.3686603000964124e-01  -2.7445319391563239e-01   0.0000000000000000e+00   0.0000000000000000e+00   0.0000000000000000e+00   0.0000000000000000e+00   0.0000000000000000e+00   0.0000000000000000e+00
   2.0821750224121305e-01   0.0000000000000000e+00   0.0000000000000000e+00   0.0000000000000000e+00  -2.3505075376146820e-01   0.0000000000000000e+00   6.4623874444767915e-01   6.9553727440826862e-01   0.0000000000000000e+00   0.0000000000000000e+00
   0.0000000000000000e+00   0.0000000000000000e+00   0.0000000000000000e+00   0.0000000000000000e+00   0.0000000000000000e+00   3.5760421657431329e-01   0.0000000000000000e+00   0.0000000000000000e+00  -8.9717893628983425e-01  -2.5920875866010612e-01
  -4.1885147560389213e-01   0.0000000000000000e+00   0.0000000000000000e+00   0.0000000000000000e+00  -5.4366007893323309e-01   0.0000000000000000e+00   5.0282008734269634e-01  -5.2551795375937083e-01   0.0000000000000000e+00   0.0000000000000000e+00
  -6.7898185489182350e-01   0.0000000000000000e+00   0.0000000000000000e+00   0.0000000000000000e+00   6.5468961027180317e-01   0.0000000000000000e+00   2.9727129854364848e-01   1.4830687776359580e-01   0.0000000000000000e+00   0.0000000000000000e+00
   0.0000000000000000e+00   0.0000000000000000e+00   0.0000000000000000e+00   0.0000000000000000e+00   0.0000000000000000e+00   7.8522242687781696e-01   0.0000000000000000e+00   0.0000000000000000e+00   1.3861982490344885e-01   6.0349837155691510e-01
   0.0000000000000000e+00   0.0000000000000000e+00   0.0000000000000000e+00   0.0000000000000000e+00   0.0000000000000000e+00   5.0551455430717607e-01   0.0000000000000000e+00   0.0000000000000000e+00   4.1935009290755920e-01  -7.5405605558342836e-01
  -4.5311617394291820e-01   0.0000000000000000e+00   0.0000000000000000e+00   0.0000000000000000e+00   7.9404827433262470e-01   0.0000000000000000e+00   0.0000000000000000e+00  -2.6998982027283142e-01  -3.0212343154703530e-01   0.0000000000000000e+00
   0.0000000000000000e+00  -5.5226338820235510e-01   0.0000000000000000e+00   0.0000000000000000e+00   0.0000000000000000e+00   8.2951373392682215e-01   8.3139132050053632e-02   0.0000000000000000e+00   0.0000000000000000e+00   0.0000000000000000e+00
   0.0000000000000000e+00   0.0000000000000000e+00  -2.3916310828534865e-01  -8.6552607301353968e-01   0.0000000000000000e+00   0.0000000000000000e+00   0.0000000000000000e+00   0.0000000000000000e+00   0.0000000000000000e+00   4.8073877444304369e-01
   0.0000000000000000e+00   0.0000000000000000e+00   1.8007651026177389e+00  -4.8487074569203092e-01   0.0000000000000000e+00   0.0000000000000000e+00   0.0000000000000000e+00   0.0000000000000000e+00   0.0000000000000000e+00   6.6299350069597218e-01
  -1.5693040781646211e-02   0.0000000000000000e+00   0.0000000000000000e+00   0.0000000000000000e+00   9.3162033818939838e-02   0.0000000000000000e+00   0.0000000000000000e+00   8.6050872015662960e-01  -5.0059894772177038e-01   0.0000000000000000e+00
   0.0000000000000000e+00   4.3715308393746927e-01   0.0000000000000000e+00   0.0000000000000000e+00   0.0000000000000000e+00   3.7306405163669193e-01  -8.1836446317052136e-01   0.0000000000000000e+00   0.0000000000000000e+00   0.0000000000000000e+00
   0.0000000000000000e+00  -7.0986078300974964e-01   0.0000000000000000e+00   0.0000000000000000e+00   0.0000000000000000e+00  -4.1560820324338765e-01  -5.6865410412797357e-01   0.0000000000000000e+00   0.0000000000000000e+00   0.0000000000000000e+00
  -8.8524904159868267e-01   0.0000000000000000e+00   0.0000000000000000e+00   0.0000000000000000e+00  -4.5417803737879908e-01   0.0000000000000000e+00   0.0000000000000000e+00   7.3015913187545106e-02   6.8739516529757516e-02   0.0000000000000000e+00
   1.0379593311382949e-01   0.0000000000000000e+00   0.0000000000000000e+00   0.0000000000000000e+00  -3.9310365534657848e-01   0.0000000000000000e+00   0.0000000000000000e+00  -4.2579210408934604e-01  -8.0832976223652397e-01   0.0000000000000000e+00
   0.0000000000000000e+00   0.0000000000000000e+00  -1.3296010491883475e-03  -4.6753518315436726e-01   0.0000000000000000e+00   0.0000000000000000e+00   0.0000000000000000e+00   0.0000000000000000e+00   0.0000000000000000e+00  -9.1508294193350104e-01
   1.0143308974372001e-01   0.0000000000000000e+00   0.0000000000000000e+00   0.0000000000000000e+00   0.0000000000000000e+00   0.0000000000000000e+00   0.0000000000000000e+00  -5.8336734429351056e-01   8.0584978123529905e-01   0.0000000000000000e+00
   0.0000000000000000e+00  -1.2944248581661566e-01   0.0000000000000000e+00   0.0000000000000000e+00   0.0000000000000000e+00   0.0000000000000000e+00   1.2638065817981474e+00   0.0000000000000000e+00   0.0000000000000000e+00  -1.4729304967997625e+00
   0.0000000000000000e+00   0.0000000000000000e+00  -8.1189152183913127e-01   6.9441536506773205e-02   5.7943083025639019e-01  -1.6429933709782407e-02   0.0000000000000000e+00   0.0000000000000000e+00   0.0000000000000000e+00   0.0000000000000000e+00
   0.0000000000000000e+00   0.0000000000000000e+00   6.6838804113839939e-02   7.6763208489295631e-01   1.9722225165330898e-02   6.3709072379218723e-01   0.0000000000000000e+00   0.0000000000000000e+00   0.0000000000000000e+00   0.0000000000000000e+00
   0.0000000000000000e+00   0.0000000000000000e+00   3.5962692442061589e-01   5.0521892315115979e-01   4.2465370165144944e-01  -6.5961469707358145e-01   0.0000000000000000e+00   0.0000000000000000e+00   0.0000000000000000e+00   0.0000000000000000e+00
   0.0000000000000000e+00   0.0000000000000000e+00   4.5500901778111980e-01  -3.8816580856697608e-01   6.9537053464799592e-01   3.9843935340371006e-01   0.0000000000000000e+00   0.0000000000000000e+00   0.0000000000000000e+00   0.0000000000000000e+00
   0.0000000000000000e+00  -1.4534321424461600e+00   0.0000000000000000e+00   0.0000000000000000e+00   0.0000000000000000e+00   0.0000000000000000e+00  -8.8546103329228609e-01   0.0000000000000000e+00   0.0000000000000000e+00  -4.4410889826783723e-01
   7.4259733918779669e-01   0.0000000000000000e+00   0.0000000000000000e+00   0.0000000000000000e+00   0.0000000000000000e+00   0.0000000000000000e+00   0.0000000000000000e+00  -4.9463016912259816e-01  -4.5154201091919893e-01   0.0000000000000000e+00
   6.6201247732670909e-01   0.0000000000000000e+00   0.0000000000000000e+00   0.0000000000000000e+00   0.0000000000000000e+00   0.0000000000000000e+00   0.0000000000000000e+00   6.4422320464702798e-01   3.8303517130684833e-01   0.0000000000000000e+00
   0.0000000000000000e+00  -2.1233148859277517e-02   0.0000000000000000e+00   0.0000000000000000e+00   0.0000000000000000e+00   0.0000000000000000e+00   9.6864219730025614e-01   0.0000000000000000e+00   0.0000000000000000e+00   8.9450282531426195e-01
