  -7.2061065566712390e-01   0.0000000000000000e+00   0.0000000000000000e+00   0.0000000000000000e+00   0.0000000000000000e+00   0.0000000000000000e+00  -6.7865878739924690e-01   5.1800845372372228e-02  -1.3213328741649691e-01   0.0000000000000000e+00
   0.0000000000000000e+00   2.0496055786949124e-01   0.0000000000000000e+00   0.0000000000000000e+00   1.0725568319900312e+00   0.0000000000000000e+00   0.0000000000000000e+00   0.0000000000000000e+00   0.0000000000000000e+00   9.3578633424475477e-01
   0.0000000000000000e+00   0.0000000000000000e+00  -1.4600751819154106e-01  -1.2047357668993558e-01   0.0000000000000000e+00  -9.8192052730915091e-01   0.0000000000000000e+00   0.0000000000000000e+00   0.0000000000000000e+00   0.0000000000000000e+00
   0.0000000000000000e+00   0.0000000000000000e+00  -1.9660401117084553e-01   9.7629286507557489e-01   0.0000000000000000e+00  -9.0548906089799291e-02   0.0000000000000000e+00   0.0000000000000000e+00   0.0000000000000000e+00   0.0000000000000000e+00
   0.0000000000000000e+00  -1.1298580155058285e-01   0.0000000000000000e+00   0.0000000000000000e+00   5.6014258723199672e-01   0.0000000000000000e+00   0.0000000000000000e+00   0.0000000000000000e+00   0.0000000000000000e+00  -1.0612615321346162e+00
   0.0000000000000000e+00   0.0000000000000000e+00   9.6955075546516956e-01   1.7982869326684017e-01   0.0000000000000000e+00  -1.6623168667513372e-01   0.0000000000000000e+00   0.0000000000000000e+00   0.0000000000000000e+00   0.0000000000000000e+00
   6.6964913443013496e-01   0.0000000000000000e+00   0.0000000000000000e+00   0.0000000000000000e+00   0.0000000000000000e+00   0.0000000000000000e+00  -6.3041225864907013e-01   2.0969743974779109e-01  -3.3192981888521245e-01   0.0000000000000000e+00
  -1.7231819079230382e-02   0.0000000000000000e+00   0.0000000000000000e+00   0.0000000000000000e+00   0.0000000000000000e+00   0.0000000000000000e+00   9.3937317720790670e-02  -7.3139490371308591e-01  -6.7523354446677819e-01   0.0000000000000000e+00
   1.7886694526152627e-01   0.0000000000000000e+00   0.0000000000000000e+00   0.0000000000000000e+00   0.0000000000000000e+00   0.0000000000000000e+00  -3.6493617903708298e-01  -6.4684244681719394e-01   6.4530849220986564e-01   0.0000000000000000e+00
   0.0000000000000000e+00   1.6423062374042035e+00   0.0000000000000000e+00   0.0000000000000000e+00  -1.7586521258326271e-01   0.0000000000000000e+00   0.0000000000000000e+00   0.0000000000000000e+00   0.0000000000000000e+00   6.5864757914278926e-01
  -4.7982597488105111e-01  -8.1004911103049593e-01   0.0000000000000000e+00   0.0000000000000000e+00   0.0000000000000000e+00   0.0000000000000000e+00   0.0000000000000000e+00  -3.3702721276453140e-01  -3.5972812412499167e-04   0.0000000000000000e+00
   6.2738961451336839e-01  -5.6940611906604599e-01   0.0000000000000000e+00   0.0000000000000000e+00   0.0000000000000000e+00   0.0000000000000000e+00   0.0000000000000000e+00   4.7510594154725144e-01   2.3755691418565553e-01   0.0000000000000000e+00
   0.0000000000000000e+00   0.0000000000000000e+00  -8.8415222068428134e-01   0.0000000000000000e+00   0.0000000000000000e+00  -9.9790773674710120e-02  -4.5641719089935229e-01   0.0000000000000000e+00   0.0000000000000000e+00   0.0000000000000000e+00
   0.0000000000000000e+00   0.0000000000000000e+00   0.0000000000000000e+00   1.0981672559674152e+00  -1.2192110299429276e-01   0.0000000000000000e+00   0.0000000000000000e+00   0.0000000000000000e+00   0.0000000000000000e+00  -2.6021206621623422e-01
   0.0000000000000000e+00   0.0000000000000000e+00   0.0000000000000000e+00   6.3117011355130620e-03  -1.8402243409868657e+00   0.0000000000000000e+00   0.0000000000000000e+00   0.0000000000000000e+00   0.0000000000000000e+00   5.8849736279633003e-01
   0.0000000000000000e+00   0.0000000000000000e+00   3.4856960223853817e-02   0.0000000000000000e+00   0.0000000000000000e+00  -9.8828954885278586e-01   1.4855557866438382e-01   0.0000000000000000e+00   0.0000000000000000e+00   0.0000000000000000e+00
   0.0000000000000000e+00   0.0000000000000000e+00   4.6589681581119075e-01   0.0000000000000000e+00   0.0000000000000000e+00  -1.1543642890249128e-01  -8.7727680232594452e-01   0.0000000000000000e+00   0.0000000000000000e+00   0.0000000000000000e+00
   5.6265862428224656e-01   4.8029905148117696e-03   0.0000000000000000e+00   0.0000000000000000e+00   0.0000000000000000e+00   0.0000000000000000e+00   0.0000000000000000e+00  -8.1276288341286840e-01   1.5102549172018784e-01   0.0000000000000000e+00
   2.4405855434920876e-01  -1.3990725703465789e-01   0.0000000000000000e+00   0.0000000000000000e+00   0.0000000000000000e+00   0.0000000000000000e+00   0.0000000000000000e+00  -1.0173372551476236e-02  -9.5956129766104103e-01   0.0000000000000000e+00
   0.0000000000000000e+00   0.0000000000000000e+00   0.0000000000000000e+00   5.2654142478471144e-01  -7.9360587801298677e-02   0.0000000000000000e+00   0.0000000000000000e+00   0.0000000000000000e+00   0.0000000000000000e+00   1.1043273033633287e+00
   2.4860710006322839e-01  -4.9837861835652958e-01   0.0000000000000000e+00   0.0000000000000000e+00   8.2660490158183109e-01   0.0000000000000000e+00  -8.0855421859511931e-02   0.0000000000000000e+00   0.0000000000000000e+00   0.0000000000000000e+00
  -4.0748656156917451e-01   7.1037472602009011e-01   0.0000000000000000e+00   0.0000000000000000e+00   5.2912584842725219e-01   0.0000000000000000e+00  -2.2214474402639758e-01   0.0000000000000000e+00   0.0000000000000000e+00   0.0000000000000000e+00
   0.0000000000000000e+00   0.0000000000000000e+00  -8.2130788641703878e-01   0.0000000000000000e+00   0.0000000000000000e+00   1.0623703302557250e+00   0.0000000000000000e+00   0.0000000000000000e+00   1.0391795713273198e+00   0.0000000000000000e+00
   0.0000000000000000e+00   0.0000000000000000e+00   0.0000000000000000e+00  -5.3726344980163099e-01   0.0000000000000000e+00   0.0000000000000000e+00   0.0000000000000000e+00   1.5016610131403427e-01   0.0000000000000000e+00   8.2993862876925628e-01
  -1.9403131191578157e-01  -2.6020021417542100e-01   0.0000000000000000e+00   0.0000000000000000e+00  -1.8917526254081801e-01   0.0000000000000000e+00  -9.2674722475004934e-01   0.0000000000000000e+00   0.0000000000000000e+00   0.0000000000000000e+00
   0.0000000000000000e+00   0.0000000000000000e+00   6.7660083036738838e-01   0.0000000000000000e+00   0.0000000000000000e+00   7.0182549956011486e-01   0.0000000000000000e+00   0.0000000000000000e+00   1.1338056399726979e+00   0.0000000000000000e+00
  -8.5703037398619886e-01  -4.2341746532232666e-01   0.0000000000000000e+00   0.0000000000000000e+00   3.1030521259624466e-02   0.0000000000000000e+00   2.9198235370557629e-01   0.0000000000000000e+00   0.0000000000000000e+00   0.0000000000000000e+00
   0.0000000000000000e+00   0.0000000000000000e+00   0.0000000000000000e+00  -5.5746731933089411e-01   0.0000000000000000e+00   0.0000000000000000e+00   0.0000000000000000e+00  -8.0165302479785672e-01   0.0000000000000000e+00  -2.1583006211015565e-01
   0.0000000000000000e+00   0.0000000000000000e+00  -2.0936914498987286e-01   0.0000000000000000e+00   0.0000000000000000e+00  -8.6961461024144038e-01   0.0000000000000000e+00   0.0000000000000000e+00   4.8449748484126304e-01   0.0000000000000000e+00
   0.0000000000000000e+00   0.0000000000000000e+00   0.0000000000000000e+00  -6.3291245317601197e-01   0.0000000000000000e+00   0.0000000000000000e+00   0.0000000000000000e+00   5.7862126632935817e-01   0.0000000000000000e+00  -5.1441156360071560e-01
   3.5770679949924356e-01   6.5440742215681746e-01   0.0000000000000000e+00   0.0000000000000000e+00   0.0000000000000000e+00   0.0000000000000000e+00   0.0000000000000000e+00   0.0000000000000000e+00   5.4159762078882290e-01   3.8790306595071355e-01
  -2.3267278343109737e-02  -5.9592767528969470e-01   0.0000000000000000e+00   0.0000000000000000e+00   0.0000000000000000e+00   0.0000000000000000e+00   0.0000000000000000e+00   0.0000000000000000e+00   1.7421435347777986e-01   7.8356760947900517e-01
   0.0000000000000000e+00   0.0000000000000000e+00  -1.6715730442151189e-02   0.0000000000000000e+00   0.0000000000000000e+00   0.0000000000000000e+00  -8.3945384671712231e-01   5.4317384287869719e-01   0.0000000000000000e+00   0.0000000000000000e+00
   0.0000000000000000e+00   0.0000000000000000e+00   0.0000000000000000e+00  -1.0225762649763674e+00   1.3251197988545917e+00  -1.2733506266626482e-01   0.0000000000000000e+00   0.0000000000000000e+00   0.0000000000000000e+00   0.0000000000000000e+00
   0.0000000000000000e+00   0.0000000000000000e+00   0.0000000000000000e+00   2.9506408834487230e-01   1.3204000465547323e+00   7.3197049574154893e-01   0.0000000000000000e+00   0.0000000000000000e+00   0.0000000000000000e+00   0.0000000000000000e+00
   0.0000000000000000e+00   0.0000000000000000e+00   0.0000000000000000e+00  -3.8450321851461594e-01  -3.9305076122630905e-01   1.7185384960506895e+00   0.0000000000000000e+00   0.0000000000000000e+00   0.0000000000000000e+00   0.0000000000000000e+00
   0.0000000000000000e+00   0.0000000000000000e+00   4.4662131782866821e-02   0.0000000000000000e+00   0.0000000000000000e+00   0.0000000000000000e+00  -5.4333438856447513e-01  -8.3832752321982007e-01   0.0000000000000000e+00   0.0000000000000000e+00
   0.0000000000000000e+00   0.0000000000000000e+00   9.9886229198042864e-01   0.0000000000000000e+00   0.0000000000000000e+00   0.0000000000000000e+00   1.0246044851275837e-02   4.6574029506909170e-02   0.0000000000000000e+00   0.0000000000000000e+00
  -5.4616660293905994e-01   4.6535349659855429e-01   0.0000000000000000e+00   0.0000000000000000e+00   0.0000000000000000e+00   0.0000000000000000e+00   0.0000000000000000e+00   0.0000000000000000e+00  -5.2740889890630827e-01   4.5495935905522589e-01
   7.5710403590558073e-01   8.2009056443958436e-03   0.0000000000000000e+00   0.0000000000000000e+00   0.0000000000000000e+00   0.0000000000000000e+00   0.0000000000000000e+00   0.0000000000000000e+00  -6.3100018189588614e-01   1.6901181736627668e-01
  -6.9447480267829140e-02   0.0000000000000000e+00   0.0000000000000000e+00   4.6597578997016426e-01   0.0000000000000000e+00   0.0000000000000000e+00   0.0000000000000000e+00   8.8206780388252115e-01   0.0000000000000000e+00   0.0000000000000000e+00
   0.0000000000000000e+00  -7.6614287770267120e-01   0.0000000000000000e+00   0.0000000000000000e+00   2.5576490222142251e-01   0.0000000000000000e+00  -3.3657934273405882e-01   0.0000000000000000e+00   4.8406998645014609e-01   0.0000000000000000e+00
   0.0000000000000000e+00   0.0000000000000000e+00   9.7299151777388992e-01   0.0000000000000000e+00   0.0000000000000000e+00   9.5447740876546705e-01   0.0000000000000000e+00   0.0000000000000000e+00   0.0000000000000000e+00   1.0947811612350900e+00
   4.0241315401589289e-02   0.0000000000000000e+00   0.0000000000000000e+00   8.8479148348284942e-01   0.0000000000000000e+00   0.0000000000000000e+00   0.0000000000000000e+00  -4.6424634332535664e-01   0.0000000000000000e+00   0.0000000000000000e+00
   0.0000000000000000e+00   2.0651656874881835e-01   0.0000000000000000e+00   0.0000000000000000e+00   5.1162124611566739e-01   0.0000000000000000e+00  -7.1020011254029347e-01   0.0000000000000000e+00  -4.3727612272226923e-01   0.0000000000000000e+00
   0.0000000000000000e+00   0.0000000000000000e+00   1.0513445232293526e+00   0.0000000000000000e+00   0.0000000000000000e+00  -1.4370532563822720e+00   0.0000000000000000e+00   0.0000000000000000e+00   0.0000000000000000e+00  -2.6178935986211311e-02
   0.0000000000000000e+00   4.6963659827652438e-01   0.0000000000000000e+00   0.0000000000000000e+00   6.2757717877609331e-01   0.0000000000000000e+00   2.3469573880444689e-01   0.0000000000000000e+00   5.7489673892424253e-01   0.0000000000000000e+00
   9.9677363730146828e-01   0.0000000000000000e+00   0.0000000000000000e+00  -3.2548299341244140e-03   0.0000000000000000e+00   0.0000000000000000e+00   0.0000000000000000e+00   8.0198017824016601e-02   0.0000000000000000e+00   0.0000000000000000e+00
   0.0000000000000000e+00   3.8706260906594747e-01   0.0000000000000000e+00   0.0000000000000000e+00  -5.2818074557310135e-01   0.0000000000000000e+00  -5.7205599059838419e-01   0.0000000000000000e+00   4.9392264605847502e-01   0.0000000000000000e+00
   0.0000000000000000e+00   0.0000000000000000e+00   1.3640503571789839e+00   0.0000000000000000e+00   0.0000000000000000e+00   2.1271728732460388e-01   0.0000000000000000e+00   0.0000000000000000e+00   0.0000000000000000e+00  -5.6335313482124993e-01
  -1.2022091384548665e+00   6.6724308621824668e-01   0.0000000000000000e+00   0.0000000000000000e+00   0.0000000000000000e+00   0.0000000000000000e+00   0.0000000000000000e+00   0.0000000000000000e+00   5.4260920442265870e-01   0.0000000000000000e+00
   5.7687373170419476e-01   1.3116150658282438e-01   0.0000000000000000e+00   0.0000000000000000e+00   0.0000000000000000e+00   0.0000000000000000e+00   0.0000000000000000e+00   0.0000000000000000e+00   1.4130076094061705e+00   0.0000000000000000e+00
   0.0000000000000000e+00   0.0000000000000000e+00   7.4950815217591826e-01   0.0000000000000000e+00   0.0000000000000000e+00   0.0000000000000000e+00   0.0000000000000000e+00  -1.2194319993296446e-01   0.0000000000000000e+00  -6.5066687775846532e-01
   0.0000000000000000e+00   0.0000000000000000e+00   0.0000000000000000e+00  -2.2439296158690841e-01   1.9676814661010109e-01  -9.1592463208990127e-01  -2.6835082187476156e-01   0.0000000000000000e+00   0.0000000000000000e+00   0.0000000000000000e+00
   0.0000000000000000e+00   0.0000000000000000e+00   0.0000000000000000e+00  -5.2410781891339009e-01  -8.6731075998449314e-02  -1.3526937811536272e-01   8.3635573170408983e-01   0.0000000000000000e+00   0.0000000000000000e+00   0.0000000000000000e+00
   0.0000000000000000e+00   0.0000000000000000e+00   0.0000000000000000e+00   3.6393941511649519e-01  -8.7625670400377786e-01  -3.0323509976861207e-01   8.8151943151690532e-02   0.0000000000000000e+00   0.0000000000000000e+00   0.0000000000000000e+00
   0.0000000000000000e+00   0.0000000000000000e+00   0.0000000000000000e+00   7.3655067379561068e-01   4.3120088778226423e-01  -2.2546116726297083e-01   4.6981502888204674e-01   0.0000000000000000e+00   0.0000000000000000e+00   0.0000000000000000e+00
   0.0000000000000000e+00   0.0000000000000000e+00   3.0552351256884952e-01   0.0000000000000000e+00   0.0000000000000000e+00   0.0000000000000000e+00   0.0000000000000000e+00   9.3566837914611634e-01   0.0000000000000000e+00   1.7657878562746854e-01
  -3.6458033611746138e-01   1.6419965742089944e+00   0.0000000000000000e+00   0.0000000000000000e+00   0.0000000000000000e+00   0.0000000000000000e+00   0.0000000000000000e+00   0.0000000000000000e+00  -2.1738705951649240e-01   0.0000000000000000e+00
   0.0000000000000000e+00   0.0000000000000000e+00   5.8727584071663674e-01   0.0000000000000000e+00   0.0000000000000000e+00   0.0000000000000000e+00   0.0000000000000000e+00  -3.3114126933408417e-01   0.0000000000000000e+00   7.3854759268064685e-01
  -3.1804052936770522e-02  -4.2807080559761590e-01   0.0000000000000000e+00   3.1364593093366547e-02   0.0000000000000000e+00   0.0000000000000000e+00   0.0000000000000000e+00   0.0000000000000000e+00  -9.0264065381074599e-01   0.0000000000000000e+00
   6.8037380234471256e-01  -4.6376711290594452e-02   0.0000000000000000e+00   7.3102125724667066e-01   0.0000000000000000e+00   0.0000000000000000e+00   0.0000000000000000e+00   0.0000000000000000e+00   2.3422450477337264e-02   0.0000000000000000e+00
   0.0000000000000000e+00   0.0000000000000000e+00  -1.9974255903387084e-02   0.0000000000000000e+00   0.0000000000000000e+00   1.6196402038215446e-01   0.0000000000000000e+00   0.0000000000000000e+00   0.0000000000000000e+00   9.8659448873524280e-01
   9.5703691750875675e-02   8.9768377509336439e-01   0.0000000000000000e+00  -1.8354235997726148e-02   0.0000000000000000e+00   0.0000000000000000e+00   0.0000000000000000e+00   0.0000000000000000e+00  -4.2972987485200448e-01   0.0000000000000000e+00
   0.0000000000000000e+00   0.0000000000000000e+00   0.0000000000000000e+00   0.0000000000000000e+00   4.7561685463663450e-01   0.0000000000000000e+00  -1.1647191430402304e+00   3.1783766984658846e-01   0.0000000000000000e+00   0.0000000000000000e+00
   0.0000000000000000e+00   0.0000000000000000e+00  -8.7766901002685249e-01   0.0000000000000000e+00   0.0000000000000000e+00  -4.7546066242459223e-01   0.0000000000000000e+00   0.0000000000000000e+00   0.0000000000000000e+00   6.0284884716259424e-02
   0.0000000000000000e+00   0.0000000000000000e+00   0.0000000000000000e+00   0.0000000000000000e+00  -2.4559475363287364e-01   0.0000000000000000e+00   1.5356503337941710e-01  -1.8556521253191187e+00   0.0000000000000000e+00   0.0000000000000000e+00
   0.0000000000000000e+00   0.0000000000000000e+00   0.0000000000000000e+00   0.0000000000000000e+00   1.2810008039177720e+00   0.0000000000000000e+00   1.1204942894892165e+00   2.3635303693523985e-01   0.0000000000000000e+00   0.0000000000000000e+00
   7.2589310141717567e-01  -9.3639873873275450e-02   0.0000000000000000e+00  -6.8138631170175734e-01   0.0000000000000000e+00   0.0000000000000000e+00   0.0000000000000000e+00   0.0000000000000000e+00  -4.8449521593878359e-03   0.0000000000000000e+00
   0.0000000000000000e+00   0.0000000000000000e+00   4.7885085145543038e-01   0.0000000000000000e+00   0.0000000000000000e+00  -8.6469926251178053e-01   0.0000000000000000e+00   0.0000000000000000e+00   0.0000000000000000e+00   1.5164777437203697e-01
  -5.1791324779472481e-01  -2.1747696127930299e-01   0.0000000000000000e+00   4.8492221177987205e-01   0.0000000000000000e+00   0.0000000000000000e+00   0.0000000000000000e+00  -6.7031342489462153e-01   0.0000000000000000e+00   0.0000000000000000e+00
   4.2025802649108068e-01   5.6591036111936055e-01   0.0000000000000000e+00  -2.2650978789150136e-01   0.0000000000000000e+00   0.0000000000000000e+00   0.0000000000000000e+00  -6.7217703794232975e-01   0.0000000000000000e+00   0.0000000000000000e+00
   0.0000000000000000e+00   0.0000000000000000e+00  -5.1728285344878477e-01   0.0000000000000000e+00   0.0000000000000000e+00   1.3198864514757509e+00   0.0000000000000000e+00   0.0000000000000000e+00   3.3283035741048750e-01   0.0000000000000000e+00
  -5.6729783609626105e-01  -5.7588990171688309e-02   0.0000000000000000e+00  -8.1117391732009481e-01   0.0000000000000000e+00   0.0000000000000000e+00   0.0000000000000000e+00  -1.2982122026493381e-01   0.0000000000000000e+00   0.0000000000000000e+00
   0.0000000000000000e+00   0.0000000000000000e+00   0.0000000000000000e+00   0.0000000000000000e+00  -2.0381435902832548e-01   0.0000000000000000e+00  -1.8479091065713527e-01   0.0000000000000000e+00   0.0000000000000000e+00  -9.6141147610810840e-01
   0.0000000000000000e+00   0.0000000000000000e+00  -1.2724111441241066e+00   0.0000000000000000e+00   0.0000000000000000e+00  -1.0521476082853303e+00   0.0000000000000000e+00   0.0000000000000000e+00   1.0739722908779481e+00   0.0000000000000000e+00
   0.0000000000000000e+00   0.0000000000000000e+00   0.0000000000000000e+00   0.0000000000000000e+00   4.5790082129808196e-01   0.0000000000000000e+00   8.4999608411989347e-01   0.0000000000000000e+00   0.0000000000000000e+00  -2.6044864145429658e-01
  -4.8303439224245887e-01   7.9317888442739115e-01   0.0000000000000000e+00   2.3567061838811376e-01   0.0000000000000000e+00   0.0000000000000000e+00   0.0000000000000000e+00   2.8636409139073599e-01   0.0000000000000000e+00   0.0000000000000000e+00
   0.0000000000000000e+00   0.0000000000000000e+00  -6.3361995982751196e-01   0.0000000000000000e+00   0.0000000000000000e+00  -3.1509483593980869e-01   0.0000000000000000e+00   0.0000000000000000e+00  -7.8731845056186756e-01   0.0000000000000000e+00
   0.0000000000000000e+00   0.0000000000000000e+00   0.0000000000000000e+00   0.0000000000000000e+00  -8.6532453155357680e-01   0.0000000000000000e+00   4.9331427743311612e-01   0.0000000000000000e+00   0.0000000000000000e+00   8.8625497303164991e-02
   8.7978787536334035e-02   0.0000000000000000e+00   0.0000000000000000e+00   0.0000000000000000e+00   0.0000000000000000e+00  -7.3503978152094662e-01   0.0000000000000000e+00   0.0000000000000000e+00  -6.7229179120771121e-01   0.0000000000000000e+00
   0.0000000000000000e+00   5.3052647685967536e-01   4.1842797363313267e-01   0.0000000000000000e+00   0.0000000000000000e+00   0.0000000000000000e+00   0.0000000000000000e+00   0.0000000000000000e+00   0.0000000000000000e+00  -1.2138515424153768e+00
   0.0000000000000000e+00   7.9283942510365057e-01  -1.2966414452068356e+00   0.0000000000000000e+00   0.0000000000000000e+00   0.0000000000000000e+00   0.0000000000000000e+00   0.0000000000000000e+00   0.0000000000000000e+00   9.0759840266215630e-01
   0.0000000000000000e+00   0.0000000000000000e+00   0.0000000000000000e+00   4.5261877731025391e-01  -6.6302130296301831e-02   0.0000000000000000e+00  -3.7780119617185359e-01   8.0498852545577282e-01   0.0000000000000000e+00   0.0000000000000000e+00
   0.0000000000000000e+00   0.0000000000000000e+00   0.0000000000000000e+00  -6.2656507476930723e-01  -1.5358498022861669e-01   0.0000000000000000e+00   5.0259120183441663e-01   5.7552579852352825e-01   0.0000000000000000e+00   0.0000000000000000e+00
   7.9356101370733123e-01   0.0000000000000000e+00   0.0000000000000000e+00   0.0000000000000000e+00   0.0000000000000000e+00   4.5966061573276096e-01   0.0000000000000000e+00   0.0000000000000000e+00  -3.9871422832396280e-01   0.0000000000000000e+00
   0.0000000000000000e+00   0.0000000000000000e+00   0.0000000000000000e+00  -6.2069917083371418e-01   3.0525536551174048e-01   0.0000000000000000e+00  -7.2130670545098452e-01   3.5613730836295182e-02   0.0000000000000000e+00   0.0000000000000000e+00
   0.0000000000000000e+00   0.0000000000000000e+00   0.0000000000000000e+00  -1.3147238809667613e-01  -9.3746191559585057e-01   0.0000000000000000e+00  -2.9049092357800060e-01  -1.3962518144774547e-01   0.0000000000000000e+00   0.0000000000000000e+00
  -6.0209687797515565e-01   0.0000000000000000e+00   0.0000000000000000e+00   0.0000000000000000e+00   0.0000000000000000e+00   4.9842616095648334e-01   0.0000000000000000e+00   0.0000000000000000e+00  -6.2373929778935178e-01   0.0000000000000000e+00
   0.0000000000000000e+00  -8.9480076512078910e-01  -5.4294911945118562e-01   0.0000000000000000e+00   0.0000000000000000e+00   0.0000000000000000e+00   0.0000000000000000e+00   0.0000000000000000e+00   0.0000000000000000e+00  -6.2127588415575996e-01
  -9.4610646920920291e-02   0.0000000000000000e+00   9.9780197999242659e-01   0.0000000000000000e+00   0.0000000000000000e+00   0.0000000000000000e+00   0.0000000000000000e+00   0.0000000000000000e+00   0.0000000000000000e+00   1.4804268100699522e-01
   0.0000000000000000e+00  -5.3182390490529885e-01   0.0000000000000000e+00   4.9788864690896090e-01   4.7748213328920841e-01   0.0000000000000000e+00   0.0000000000000000e+00  -4.9120366635442508e-01   0.0000000000000000e+00   0.0000000000000000e+00
  -3.0128562822663457e-01   0.0000000000000000e+00   5.2245798866229898e-01   0.0000000000000000e+00   0.0000000000000000e+00   0.0000000000000000e+00   0.0000000000000000e+00   0.0000000000000000e+00   0.0000000000000000e+00  -1.8923913812492570e+00
   0.0000000000000000e+00   6.9674795528391420e-01   0.0000000000000000e+00   1.4730753877749997e-02   2.3299174113924292e-02   0.0000000000000000e+00   0.0000000000000000e+00  -7.1678618861100218e-01   0.0000000000000000e+00   0.0000000000000000e+00
   0.0000000000000000e+00   1.7633026045910177e-01   0.0000000000000000e+00   8.3316494548147457e-01  -4.9498525842973751e-01   0.0000000000000000e+00   0.0000000000000000e+00   1.7243377512692545e-01   0.0000000000000000e+00   0.0000000000000000e+00
   0.0000000000000000e+00   0.0000000000000000e+00   0.0000000000000000e+00   0.0000000000000000e+00   0.0000000000000000e+00  -3.5591803800987976e-01   8.9534458836920550e-01   0.0000000000000000e+00  -2.6773198967843770e-01   0.0000000000000000e+00
   0.0000000000000000e+00   0.0000000000000000e+00   0.0000000000000000e+00   0.0000000000000000e+00   0.0000000000000000e+00   3.2053782358600297e-01  -1.5215051427782927e-01   0.0000000000000000e+00  -9.3493621421770834e-01   0.0000000000000000e+00
   0.0000000000000000e+00  -4.4789871648106949e-01   0.0000000000000000e+00  -2.4026251016379724e-01  -7.2557394854862445e-01   0.0000000000000000e+00   0.0000000000000000e+00  -4.6389989348129890e-01   0.0000000000000000e+00   0.0000000000000000e+00
   0.0000000000000000e+00   0.0000000000000000e+00   0.0000000000000000e+00   0.0000000000000000e+00   0.0000000000000000e+00   8.7782563978841832e-01   4.1857889230462836e-01   0.0000000000000000e+00   2.3283869319141182e-01   0.0000000000000000e+00
   1.1803813460522370e+00   0.0000000000000000e+00   2.0700984744842024e-01   0.0000000000000000e+00   0.0000000000000000e+00   0.0000000000000000e+00   0.0000000000000000e+00   0.0000000000000000e+00   0.0000000000000000e+00  -2.7412511269282802e-01
