  -4.8712604612011567e-01   0.0000000000000000e+00   0.0000000000000000e+00  -8.3117622575264583e-01   0.0000000000000000e+00   0.0000000000000000e+00   0.0000000000000000e+00   2.6805651817288390e-01   0.0000000000000000e+00   0.0000000000000000e+00
   0.0000000000000000e+00   9.3524124730015756e-01  -4.1347111326175923e-01   0.0000000000000000e+00   0.0000000000000000e+00   0.0000000000000000e+00   0.0000000000000000e+00   0.0000000000000000e+00   0.0000000000000000e+00   0.0000000000000000e+00
   0.0000000000000000e+00  -4.6243723957044031e-01  -1.9340416870649393e+00   0.0000000000000000e+00   0.0000000000000000e+00   0.0000000000000000e+00   0.0000000000000000e+00   0.0000000000000000e+00   0.0000000000000000e+00   0.0000000000000000e+00
   7.9218426836200873e-01   0.0000000000000000e+00   0.0000000000000000e+00  -5.4974020687590242e-01   0.0000000000000000e+00   0.0000000000000000e+00   0.0000000000000000e+00  -2.6500903740021542e-01   0.0000000000000000e+00   0.0000000000000000e+00
   0.0000000000000000e+00   0.0000000000000000e+00   0.0000000000000000e+00   0.0000000000000000e+00  -7.3677808970598146e-01   0.0000000000000000e+00  -8.5694008631183838e-01   0.0000000000000000e+00   0.0000000000000000e+00   0.0000000000000000e+00
   0.0000000000000000e+00   0.0000000000000000e+00   0.0000000000000000e+00   0.0000000000000000e+00   0.0000000000000000e+00  -4.5989784911457826e-01   0.0000000000000000e+00   0.0000000000000000e+00   0.0000000000000000e+00   8.8797182859580914e-01
   0.0000000000000000e+00   0.0000000000000000e+00   0.0000000000000000e+00   0.0000000000000000e+00   1.8430784870465498e+00   0.0000000000000000e+00  -5.7085324347617128e-01   0.0000000000000000e+00   0.0000000000000000e+00   0.0000000000000000e+00
  -3.6763065725144800e-01   0.0000000000000000e+00   0.0000000000000000e+00  -8.3257352153588926e-02   0.0000000000000000e+00   0.0000000000000000e+00   0.0000000000000000e+00  -9.2623750364646851e-01   0.0000000000000000e+00   0.0000000000000000e+00
   0.0000000000000000e+00   0.0000000000000000e+00   0.0000000000000000e+00   0.0000000000000000e+00   0.0000000000000000e+00   0.0000000000000000e+00   0.0000000000000000e+00   0.0000000000000000e+00   1.0000000000000000e+00   0.0000000000000000e+00
   0.0000000000000000e+00   0.0000000000000000e+00   0.0000000000000000e+00   0.0000000000000000e+00   0.0000000000000000e+00  -8.8797182859580903e-01   0.0000000000000000e+00   0.0000000000000000e+00   0.0000000000000000e+00  -4.5989784911457787e-01
