   1.9380468237674942e-01   0.0000000000000000e+00  -7.9642933536096594e-01   0.0000000000000000e+00   5.4325062307024030e-01   0.0000000000000000e+00   0.0000000000000000e+00  -1.8171081255426896e-01   0.0000000000000000e+00   0.0000000000000000e+00
   0.0000000000000000e+00  -3.2596753410600904e-01   0.0000000000000000e+00   0.0000000000000000e+00   0.0000000000000000e+00  -1.7764892518906270e+00  -7.4316247390239798e-01   0.0000000000000000e+00   0.0000000000000000e+00   0.0000000000000000e+00
  -4.0168642853509595e-01   0.0000000000000000e+00   2.7907991796804793e-01   0.0000000000000000e+00   2.7565178368279453e-01   0.0000000000000000e+00   0.0000000000000000e+00  -8.2751344802979521e-01   0.0000000000000000e+00   0.0000000000000000e+00
   0.0000000000000000e+00   0.0000000000000000e+00   0.0000000000000000e+00   8.4979061811947432e-01   0.0000000000000000e+00   0.0000000000000000e+00   0.0000000000000000e+00   0.0000000000000000e+00  -5.2711217146771339e-01   2.9434752782734191e-03
   8.4912266055472285e-01   0.0000000000000000e+00   4.2353872361806477e-01   0.0000000000000000e+00   2.5649027074084063e-01   0.0000000000000000e+00   0.0000000000000000e+00  -1.8389779211219442e-01   0.0000000000000000e+00   0.0000000000000000e+00
   0.0000000000000000e+00  -9.0672539596904111e-01   0.0000000000000000e+00   0.0000000000000000e+00   0.0000000000000000e+00   8.8891932804794127e-02  -5.3120191545740247e-01   0.0000000000000000e+00   0.0000000000000000e+00   0.0000000000000000e+00
   0.0000000000000000e+00   6.0023479904411414e-01   0.0000000000000000e+00   0.0000000000000000e+00   0.0000000000000000e+00   5.2583266582302723e-01  -8.8848535065034773e-01   0.0000000000000000e+00   0.0000000000000000e+00   0.0000000000000000e+00
   2.8298138728905026e-01   0.0000000000000000e+00  -3.2928659668959781e-01   0.0000000000000000e+00  -7.5040495447563482e-01   0.0000000000000000e+00   0.0000000000000000e+00  -4.9838165695274822e-01   0.0000000000000000e+00   0.0000000000000000e+00
   0.0000000000000000e+00   0.0000000000000000e+00   0.0000000000000000e+00  -5.2412445216804437e-01   0.0000000000000000e+00   0.0000000000000000e+00   0.0000000000000000e+00   0.0000000000000000e+00  -8.4554209038480199e-01  -1.0174542754957272e-01
   0.0000000000000000e+00   0.0000000000000000e+00   0.0000000000000000e+00  -5.6120085492354310e-02   0.0000000000000000e+00   0.0000000000000000e+00   0.0000000000000000e+00   0.0000000000000000e+00  -8.4919562400484427e-02   9.9480611373575845e-01
  -4.2270286940337820e-01   0.0000000000000000e+00   0.0000000000000000e+00   0.0000000000000000e+00   8.2374145139576371e-01   0.0000000000000000e+00   3.7785222700223947e-01   0.0000000000000000e+00   0.0000000000000000e+00   0.0000000000000000e+00
   0.0000000000000000e+00  -5.5892515238260804e-02   0.0000000000000000e+00   0.0000000000000000e+00   0.0000000000000000e+00   0.0000000000000000e+00   0.0000000000000000e+00   6.5099329620563284e-01  -4.2356762189883657e-01  -6.2743463780271935e-01
   0.0000000000000000e+00   0.0000000000000000e+00  -1.1361466008116483e+00   1.3221676006531213e+00   0.0000000000000000e+00  -2.0865625230298301e-01   0.0000000000000000e+00   0.0000000000000000e+00   0.0000000000000000e+00   0.0000000000000000e+00
   0.0000000000000000e+00   0.0000000000000000e+00   1.3042536097921051e+00   6.1305097621855487e-02   0.0000000000000000e+00  -7.4349040956052981e-01   0.0000000000000000e+00   0.0000000000000000e+00   0.0000000000000000e+00   0.0000000000000000e+00
   4.6239618015304895e-01   0.0000000000000000e+00   0.0000000000000000e+00   0.0000000000000000e+00  -1.6254790881895173e-01   0.0000000000000000e+00   8.7164668869815243e-01   0.0000000000000000e+00   0.0000000000000000e+00   0.0000000000000000e+00
   0.0000000000000000e+00   0.0000000000000000e+00  -4.6856031148679078e-01  -3.0909084748741911e-01   0.0000000000000000e+00  -9.2138631528137471e-01   0.0000000000000000e+00   0.0000000000000000e+00   0.0000000000000000e+00   0.0000000000000000e+00
   7.7943059779432511e-01   0.0000000000000000e+00   0.0000000000000000e+00   0.0000000000000000e+00   5.4316498284681958e-01   0.0000000000000000e+00  -3.1218543308584246e-01   0.0000000000000000e+00   0.0000000000000000e+00   0.0000000000000000e+00
   0.0000000000000000e+00  -9.5499769970065573e-01   0.0000000000000000e+00   0.0000000000000000e+00   0.0000000000000000e+00   0.0000000000000000e+00   0.0000000000000000e+00   7.1691531120123816e-02   2.8586004452826497e-01  -3.3522423456648055e-02
   0.0000000000000000e+00  -2.8934749147294508e-01   0.0000000000000000e+00   0.0000000000000000e+00   0.0000000000000000e+00   0.0000000000000000e+00   0.0000000000000000e+00  -4.3432458785984190e-01  -8.4096979038686626e-01   1.4286354753877173e-01
   0.0000000000000000e+00  -3.3666741527965338e-02   0.0000000000000000e+00   0.0000000000000000e+00   0.0000000000000000e+00   0.0000000000000000e+00   0.0000000000000000e+00   6.1840941538866945e-01  -1.7788849394475420e-01   7.6471696018566282e-01
   8.0370574519555449e-01   0.0000000000000000e+00   1.8302351623376373e-02   0.0000000000000000e+00   0.0000000000000000e+00   0.0000000000000000e+00   4.3888679637930961e-01  -4.0137324154534687e-01   0.0000000000000000e+00   0.0000000000000000e+00
   0.0000000000000000e+00   8.0042766083196759e-01   0.0000000000000000e+00   0.0000000000000000e+00   0.0000000000000000e+00   4.8459586569511237e-01   0.0000000000000000e+00   0.0000000000000000e+00   3.5282064384934930e-01   0.0000000000000000e+00
  -5.3108511920548174e-01   0.0000000000000000e+00  -1.7657217798208902e-01   0.0000000000000000e+00   0.0000000000000000e+00   0.0000000000000000e+00   2.6041505879304339e-01  -7.8673684245430908e-01   0.0000000000000000e+00   0.0000000000000000e+00
   0.0000000000000000e+00   0.0000000000000000e+00   0.0000000000000000e+00   1.7974549352457844e-01  -3.2570931998436120e-01   0.0000000000000000e+00   0.0000000000000000e+00   0.0000000000000000e+00   0.0000000000000000e+00  -1.7868435672078058e+00
   0.0000000000000000e+00   0.0000000000000000e+00   0.0000000000000000e+00  -1.5746126139196910e+00  -7.8257989406419748e-01   0.0000000000000000e+00   0.0000000000000000e+00   0.0000000000000000e+00   0.0000000000000000e+00  -1.0870773626344610e-01
   0.0000000000000000e+00  -5.9855884301133833e-01   0.0000000000000000e+00   0.0000000000000000e+00   0.0000000000000000e+00   6.7785870179959917e-01   0.0000000000000000e+00   0.0000000000000000e+00   4.2688978887704770e-01   0.0000000000000000e+00
   2.4902898660777464e-01   0.0000000000000000e+00  -4.0984005429141490e-02   0.0000000000000000e+00   0.0000000000000000e+00   0.0000000000000000e+00  -8.5997372821331675e-01  -4.4356517211225832e-01   0.0000000000000000e+00   0.0000000000000000e+00
   9.9951163711397395e-02   0.0000000000000000e+00  -9.8326374955385176e-01   0.0000000000000000e+00   0.0000000000000000e+00   0.0000000000000000e+00  -2.7502546447404604e-03   1.5229773401277774e-01   0.0000000000000000e+00   0.0000000000000000e+00
   0.0000000000000000e+00  -3.2293516810541989e-02   0.0000000000000000e+00   0.0000000000000000e+00   0.0000000000000000e+00  -5.5287831151688971e-01   0.0000000000000000e+00   0.0000000000000000e+00   8.3263599575459168e-01   0.0000000000000000e+00
   0.0000000000000000e+00   0.0000000000000000e+00   0.0000000000000000e+00  -2.2870923018718911e-01  -1.3079734217812373e+00   0.0000000000000000e+00   0.0000000000000000e+00   0.0000000000000000e+00   0.0000000000000000e+00   4.5025459176050658e-01
  -1.7894764257630051e+00   0.0000000000000000e+00   0.0000000000000000e+00   0.0000000000000000e+00  -6.4462327133710851e-01  -4.3684543655048980e-02   0.0000000000000000e+00   0.0000000000000000e+00   0.0000000000000000e+00   0.0000000000000000e+00
   0.0000000000000000e+00   3.5141611124854200e-02  -8.1825360255324375e-01   0.0000000000000000e+00   0.0000000000000000e+00   0.0000000000000000e+00   0.0000000000000000e+00   0.0000000000000000e+00   5.7378228368971895e-01   0.0000000000000000e+00
   0.0000000000000000e+00   3.1191547558773519e-01   5.5443692336435069e-01   0.0000000000000000e+00   0.0000000000000000e+00   0.0000000000000000e+00   0.0000000000000000e+00   0.0000000000000000e+00   7.7156233325581103e-01   0.0000000000000000e+00
   0.0000000000000000e+00   0.0000000000000000e+00   0.0000000000000000e+00  -4.5981588230573917e-01   0.0000000000000000e+00   0.0000000000000000e+00   1.4009331032733552e-02   2.7923328615353182e-01   0.0000000000000000e+00   8.4285340654666019e-01
  -4.5936538114075803e-01   0.0000000000000000e+00   0.0000000000000000e+00   0.0000000000000000e+00   1.5583310090528073e+00   1.0700950861200929e+00   0.0000000000000000e+00   0.0000000000000000e+00   0.0000000000000000e+00   0.0000000000000000e+00
   6.9086033205103448e-01   0.0000000000000000e+00   0.0000000000000000e+00   0.0000000000000000e+00  -5.5977637573280348e-01   7.7196340565375920e-01   0.0000000000000000e+00   0.0000000000000000e+00   0.0000000000000000e+00   0.0000000000000000e+00
   0.0000000000000000e+00   0.0000000000000000e+00   0.0000000000000000e+00   3.9252648480738095e-01   0.0000000000000000e+00   0.0000000000000000e+00  -4.2163858282381317e-01  -6.8388150779100620e-01   0.0000000000000000e+00   4.4771636948026255e-01
   0.0000000000000000e+00   0.0000000000000000e+00   0.0000000000000000e+00   1.4012256553217040e-01   0.0000000000000000e+00   0.0000000000000000e+00   9.0482472816772352e-01  -3.5930402708170112e-01   0.0000000000000000e+00   1.8043972414011406e-01
   0.0000000000000000e+00  -9.4945974283085044e-01   1.5185763042703287e-01   0.0000000000000000e+00   0.0000000000000000e+00   0.0000000000000000e+00   0.0000000000000000e+00   0.0000000000000000e+00   2.7470976834590199e-01   0.0000000000000000e+00
   0.0000000000000000e+00   0.0000000000000000e+00   0.0000000000000000e+00  -7.8412880302462939e-01   0.0000000000000000e+00   0.0000000000000000e+00  -5.7592147160417884e-02  -5.7029419717218910e-01   0.0000000000000000e+00  -2.3788588340702913e-01
   1.0667529928184294e+00   0.0000000000000000e+00   0.0000000000000000e+00   9.6650389067067310e-01   0.0000000000000000e+00   0.0000000000000000e+00   0.0000000000000000e+00   0.0000000000000000e+00   1.1413072938440605e+00   0.0000000000000000e+00
   0.0000000000000000e+00   5.6763908732637292e-01   0.0000000000000000e+00   0.0000000000000000e+00  -3.6050672920039806e-01   0.0000000000000000e+00   0.0000000000000000e+00   1.2831647446234648e-01   0.0000000000000000e+00  -7.2894145658075071e-01
   0.0000000000000000e+00   0.0000000000000000e+00   7.7858754552462894e-01   0.0000000000000000e+00   0.0000000000000000e+00   1.7499619687633139e-04  -6.2753597771782366e-01   0.0000000000000000e+00   0.0000000000000000e+00   0.0000000000000000e+00
  -3.9949215469536892e-04   0.0000000000000000e+00   0.0000000000000000e+00   1.6248415570202355e+00   0.0000000000000000e+00   0.0000000000000000e+00   0.0000000000000000e+00   0.0000000000000000e+00  -8.0385324569942518e-01   0.0000000000000000e+00
   0.0000000000000000e+00  -6.5867753610895352e-01   0.0000000000000000e+00   0.0000000000000000e+00   3.2054253446578518e-01   0.0000000000000000e+00   0.0000000000000000e+00   2.7375179179256837e-01   0.0000000000000000e+00  -6.2326266013138309e-01
   0.0000000000000000e+00   0.0000000000000000e+00   5.8298820105349924e-01   0.0000000000000000e+00   0.0000000000000000e+00  -3.7025238950285172e-01   7.2321360986905747e-01   0.0000000000000000e+00   0.0000000000000000e+00   0.0000000000000000e+00
   0.0000000000000000e+00   0.0000000000000000e+00  -2.3222013561777641e-01   0.0000000000000000e+00   0.0000000000000000e+00  -9.2893118014401876e-01  -2.8837591988566225e-01   0.0000000000000000e+00   0.0000000000000000e+00   0.0000000000000000e+00
   0.0000000000000000e+00  -4.6989441194308301e-01   0.0000000000000000e+00   0.0000000000000000e+00  -8.7547325592395497e-01   0.0000000000000000e+00   0.0000000000000000e+00   7.8726586741155846e-02   0.0000000000000000e+00   8.0919369292284216e-02
  -1.3276791337380662e+00   0.0000000000000000e+00   0.0000000000000000e+00   5.2313572758859139e-01   0.0000000000000000e+00   0.0000000000000000e+00   0.0000000000000000e+00   0.0000000000000000e+00  -5.4631152028696062e-02   0.0000000000000000e+00
   0.0000000000000000e+00   1.5208225271011958e-01   0.0000000000000000e+00   0.0000000000000000e+00   2.8878364936249235e-02   0.0000000000000000e+00   0.0000000000000000e+00   9.4994576866892766e-01   0.0000000000000000e+00   2.7136703012198149e-01
  -4.4817737472367508e-01   0.0000000000000000e+00   0.0000000000000000e+00   0.0000000000000000e+00   0.0000000000000000e+00   0.0000000000000000e+00  -3.4276125663771884e-01  -7.5945078904533880e-01   0.0000000000000000e+00   3.2386148389757347e-01
   0.0000000000000000e+00   9.1904649258450721e-01   0.0000000000000000e+00  -2.7240317998089375e-01   0.0000000000000000e+00   0.0000000000000000e+00   0.0000000000000000e+00   0.0000000000000000e+00   2.8486848194283076e-01   0.0000000000000000e+00
   0.0000000000000000e+00   0.0000000000000000e+00   1.2393376381737548e-01   0.0000000000000000e+00   5.5546637033193180e-01  -1.0667360496350433e+00   0.0000000000000000e+00   0.0000000000000000e+00   0.0000000000000000e+00   0.0000000000000000e+00
   0.0000000000000000e+00  -1.1507951129405530e-01   0.0000000000000000e+00  -8.7670111723604882e-01   0.0000000000000000e+00   0.0000000000000000e+00   0.0000000000000000e+00   0.0000000000000000e+00  -4.6706729399240177e-01   0.0000000000000000e+00
   0.0000000000000000e+00   0.0000000000000000e+00   1.2310326039433535e+00   0.0000000000000000e+00  -5.6413872632770312e-01  -1.0099388305734975e+00   0.0000000000000000e+00   0.0000000000000000e+00   0.0000000000000000e+00   0.0000000000000000e+00
   0.0000000000000000e+00   0.0000000000000000e+00   2.6668216222600050e-01   0.0000000000000000e+00   8.4005494055656205e-01   9.7541583445369495e-01   0.0000000000000000e+00   0.0000000000000000e+00   0.0000000000000000e+00   0.0000000000000000e+00
  -8.5289279524532102e-01   0.0000000000000000e+00   0.0000000000000000e+00   0.0000000000000000e+00   0.0000000000000000e+00   0.0000000000000000e+00   4.8720244440372484e-02   5.1409775537135438e-01   0.0000000000000000e+00   7.6835639663054817e-02
  -7.3939996654418475e-03   0.0000000000000000e+00   0.0000000000000000e+00   0.0000000000000000e+00   0.0000000000000000e+00   0.0000000000000000e+00   8.5088602491941523e-01  -1.6732410741050360e-01   0.0000000000000000e+00   4.9793668718529488e-01
   0.0000000000000000e+00  -3.7697513253321785e-01   0.0000000000000000e+00  -3.9647403265959297e-01   0.0000000000000000e+00   0.0000000000000000e+00   0.0000000000000000e+00   0.0000000000000000e+00   8.3707711166785725e-01   0.0000000000000000e+00
   2.6768684945914334e-01   0.0000000000000000e+00   0.0000000000000000e+00   0.0000000000000000e+00   0.0000000000000000e+00   0.0000000000000000e+00  -3.9513799023460350e-01   3.6185720943465266e-01   0.0000000000000000e+00   8.0079278173579749e-01
   5.8444403266549183e-01  -8.0224429547560105e-01   0.0000000000000000e+00   0.0000000000000000e+00   5.8345759347779122e-02   0.0000000000000000e+00   1.0688795734171941e-01   0.0000000000000000e+00   0.0000000000000000e+00   0.0000000000000000e+00
   3.9857355505125519e-01   2.2601868781534257e-01   0.0000000000000000e+00   0.0000000000000000e+00   4.8263580947425083e-01   0.0000000000000000e+00  -7.4640294036476651e-01   0.0000000000000000e+00   0.0000000000000000e+00   0.0000000000000000e+00
   0.0000000000000000e+00   0.0000000000000000e+00  -7.8883045577630162e-01   0.0000000000000000e+00   0.0000000000000000e+00   1.6137334964998884e-01   0.0000000000000000e+00   0.0000000000000000e+00   0.0000000000000000e+00  -1.5588696488884706e+00
   0.0000000000000000e+00   0.0000000000000000e+00   0.0000000000000000e+00  -4.1224900556054558e-02   0.0000000000000000e+00   0.0000000000000000e+00   0.0000000000000000e+00  -9.9778522825122096e-01  -5.2202929590226189e-02   0.0000000000000000e+00
   6.9080382587046019e-01   4.9531077603726692e-01   0.0000000000000000e+00   0.0000000000000000e+00  -4.8514234141039397e-01   0.0000000000000000e+00   2.0516875462637121e-01   0.0000000000000000e+00   0.0000000000000000e+00   0.0000000000000000e+00
   0.0000000000000000e+00   0.0000000000000000e+00  -2.2355154987853576e-01   0.0000000000000000e+00   0.0000000000000000e+00   9.8256070548987740e-01   0.0000000000000000e+00   0.0000000000000000e+00   0.0000000000000000e+00   8.3806744929890986e-01
   1.4951377213566741e-01   2.4492218820769943e-01   0.0000000000000000e+00   0.0000000000000000e+00   7.2683929196907471e-01   0.0000000000000000e+00   6.2398990161316736e-01   0.0000000000000000e+00   0.0000000000000000e+00   0.0000000000000000e+00
   0.0000000000000000e+00   0.0000000000000000e+00   0.0000000000000000e+00   9.3802186170109148e-01   0.0000000000000000e+00   0.0000000000000000e+00   0.0000000000000000e+00  -2.0655478365713575e-02  -3.4596002396852477e-01   0.0000000000000000e+00
   0.0000000000000000e+00   0.0000000000000000e+00   0.0000000000000000e+00   3.4411552499845405e-01   0.0000000000000000e+00   0.0000000000000000e+00   0.0000000000000000e+00  -6.3229656784947769e-02   9.3679587742362280e-01   0.0000000000000000e+00
   0.0000000000000000e+00   0.0000000000000000e+00   7.6239574409127686e-01   0.0000000000000000e+00   0.0000000000000000e+00   9.8012794575798168e-01   0.0000000000000000e+00   0.0000000000000000e+00   0.0000000000000000e+00  -8.8811261377150286e-01
   1.2047589088850246e+00  -1.7789091476506438e-02   0.0000000000000000e+00   0.0000000000000000e+00   0.0000000000000000e+00   0.0000000000000000e+00   0.0000000000000000e+00   3.4140390558282280e-01   0.0000000000000000e+00   0.0000000000000000e+00
  -2.4472255128020803e-01  -2.1943116905690435e-01   0.0000000000000000e+00   0.0000000000000000e+00   0.0000000000000000e+00   0.0000000000000000e+00   0.0000000000000000e+00  -1.4129595978446301e+00   0.0000000000000000e+00   0.0000000000000000e+00
   0.0000000000000000e+00   0.0000000000000000e+00   6.8984692414848192e-01   5.1192057402295121e-01   0.0000000000000000e+00   5.1190677582435962e-01   0.0000000000000000e+00   0.0000000000000000e+00   0.0000000000000000e+00   0.0000000000000000e+00
   0.0000000000000000e+00   0.0000000000000000e+00  -3.9022048606259985e-01   8.5851779454935884e-01   0.0000000000000000e+00  -3.3267877704953219e-01   0.0000000000000000e+00   0.0000000000000000e+00   0.0000000000000000e+00   0.0000000000000000e+00
   0.0000000000000000e+00   0.0000000000000000e+00   0.0000000000000000e+00   0.0000000000000000e+00  -1.6136187635179478e-01   0.0000000000000000e+00   6.6200419456323778e-01   0.0000000000000000e+00  -3.8559902708249183e-01   6.2211428335470853e-01
   0.0000000000000000e+00   0.0000000000000000e+00  -6.0978618670805296e-01   2.9740920196177356e-02   0.0000000000000000e+00   7.9200775511729471e-01   0.0000000000000000e+00   0.0000000000000000e+00   0.0000000000000000e+00   0.0000000000000000e+00
   0.0000000000000000e+00   0.0000000000000000e+00   0.0000000000000000e+00   0.0000000000000000e+00  -3.0312009768925019e-01   0.0000000000000000e+00  -6.9537470512576138e-01   0.0000000000000000e+00  -5.7623678066094797e-01   3.0417659091657384e-01
  -1.7512601213948342e-01   1.9355683899960394e+00   0.0000000000000000e+00   0.0000000000000000e+00   0.0000000000000000e+00   0.0000000000000000e+00   0.0000000000000000e+00  -3.6113263118150946e-01   0.0000000000000000e+00   0.0000000000000000e+00
   0.0000000000000000e+00   0.0000000000000000e+00   0.0000000000000000e+00   0.0000000000000000e+00   2.7020478172776180e-01   0.0000000000000000e+00  -2.7779913666797690e-01   0.0000000000000000e+00   5.7391060330487031e-01   7.2141779504820891e-01
   0.0000000000000000e+00   0.0000000000000000e+00   0.0000000000000000e+00   0.0000000000000000e+00   8.9948314446049416e-01   0.0000000000000000e+00  -3.2126399089638047e-02   0.0000000000000000e+00  -4.3576505406099564e-01  -2.6047979210840067e-03
   3.5077749084235477e-01   0.0000000000000000e+00   0.0000000000000000e+00   0.0000000000000000e+00   0.0000000000000000e+00   3.2416000012747698e-01   0.0000000000000000e+00   0.0000000000000000e+00   8.7856442349761477e-01   0.0000000000000000e+00
   0.0000000000000000e+00  -3.5210161648862154e-01   5.0600636225808726e-01   7.8159648482687927e-01   0.0000000000000000e+00   0.0000000000000000e+00   0.0000000000000000e+00   0.0000000000000000e+00   0.0000000000000000e+00   9.5335973937982987e-02
   0.0000000000000000e+00   4.3985520365627562e-01  -4.0991663463553163e-01   5.3583469219997260e-01   0.0000000000000000e+00   0.0000000000000000e+00   0.0000000000000000e+00   0.0000000000000000e+00   0.0000000000000000e+00  -5.9277055856421867e-01
   0.0000000000000000e+00   3.6982579661734283e-01  -3.6253028154783357e-01   3.0376045674066587e-01   0.0000000000000000e+00   0.0000000000000000e+00   0.0000000000000000e+00   0.0000000000000000e+00   0.0000000000000000e+00   7.9970635863290362e-01
   0.0000000000000000e+00   0.0000000000000000e+00   0.0000000000000000e+00   0.0000000000000000e+00   1.8505890949589654e-02   0.0000000000000000e+00   4.8462462762294106e-01   1.1485157433407469e+00   0.0000000000000000e+00   0.0000000000000000e+00
   8.3337399854316319e-01   0.0000000000000000e+00   0.0000000000000000e+00   0.0000000000000000e+00   0.0000000000000000e+00  -5.3597440407458530e-01   0.0000000000000000e+00   0.0000000000000000e+00  -1.3497857877853270e-01   0.0000000000000000e+00
   0.0000000000000000e+00   0.0000000000000000e+00   0.0000000000000000e+00   0.0000000000000000e+00  -6.4804111027067923e-01   0.0000000000000000e+00   1.1990719875556943e+00   5.8563550443791468e-02   0.0000000000000000e+00   0.0000000000000000e+00
   0.0000000000000000e+00   0.0000000000000000e+00   0.0000000000000000e+00   0.0000000000000000e+00  -1.4317881325876911e+00   0.0000000000000000e+00   1.7327598449898263e-01   7.4733117260282822e-01   0.0000000000000000e+00   0.0000000000000000e+00
  -4.2713338721120997e-01   0.0000000000000000e+00   0.0000000000000000e+00   0.0000000000000000e+00   0.0000000000000000e+00  -7.7952019376937698e-01   0.0000000000000000e+00   0.0000000000000000e+00   4.5815427209099724e-01   0.0000000000000000e+00
   0.0000000000000000e+00  -7.3876974196223266e-01  -6.6670661385969932e-01   9.8578407686108510e-02   0.0000000000000000e+00   0.0000000000000000e+00   0.0000000000000000e+00   0.0000000000000000e+00   0.0000000000000000e+00   1.9639080584489127e-03
   3.4256589275616467e-01   0.0000000000000000e+00   0.0000000000000000e+00   3.2717747054874169e-01   0.0000000000000000e+00   0.0000000000000000e+00   0.0000000000000000e+00   0.0000000000000000e+00   0.0000000000000000e+00  -8.8068354809517058e-01
   0.0000000000000000e+00  -8.4513779195412964e-01  -2.5032362471988029e-01   0.0000000000000000e+00  -5.1118634879145075e-01   0.0000000000000000e+00   0.0000000000000000e+00   0.0000000000000000e+00   0.0000000000000000e+00   0.0000000000000000e+00
   0.0000000000000000e+00   2.4526420097776044e-01   9.0846156904739073e-01   0.0000000000000000e+00  -1.3464288143941765e+00   0.0000000000000000e+00   0.0000000000000000e+00   0.0000000000000000e+00   0.0000000000000000e+00   0.0000000000000000e+00
  -2.4866233372665786e-01   0.0000000000000000e+00   0.0000000000000000e+00  -8.7239628788036494e-01   0.0000000000000000e+00   0.0000000000000000e+00   0.0000000000000000e+00   0.0000000000000000e+00   0.0000000000000000e+00  -4.2082271882370176e-01
   0.0000000000000000e+00  -6.9284101667307951e-01   5.3153026122130176e-01   0.0000000000000000e+00   1.2787185337463207e+00   0.0000000000000000e+00   0.0000000000000000e+00   0.0000000000000000e+00   0.0000000000000000e+00   0.0000000000000000e+00
   0.0000000000000000e+00   0.0000000000000000e+00   0.0000000000000000e+00   0.0000000000000000e+00   0.0000000000000000e+00  -2.6972637219619094e-01   7.0420082395410599e-01   6.5605232220538101e-01   3.0728394249741497e-02   0.0000000000000000e+00
   0.0000000000000000e+00   0.0000000000000000e+00   0.0000000000000000e+00   0.0000000000000000e+00   0.0000000000000000e+00  -2.0909770067900643e-01   6.2002711811925226e-01  -7.4558396905290369e-01  -1.2628962530155319e-01   0.0000000000000000e+00
   0.0000000000000000e+00   0.0000000000000000e+00   0.0000000000000000e+00   0.0000000000000000e+00   0.0000000000000000e+00  -3.8145196214749544e-01  -1.9626186034701837e-01   9.5907891715973623e-02  -8.9820785960352723e-01   0.0000000000000000e+00
   0.0000000000000000e+00   0.0000000000000000e+00   0.0000000000000000e+00   0.0000000000000000e+00   0.0000000000000000e+00  -8.5908104174545719e-01  -2.8486638010165527e-01  -6.7093754752906895e-02   4.1991586928154540e-01   0.0000000000000000e+00
  -9.0598877084971874e-01   0.0000000000000000e+00   0.0000000000000000e+00   3.6315233670993574e-01   0.0000000000000000e+00   0.0000000000000000e+00   0.0000000000000000e+00   0.0000000000000000e+00   0.0000000000000000e+00  -2.1749649982546623e-01
